# x, y
-10.182481751824819, -19.51417004048583
-9.908759124087592, -19.473684210526315
-9.197080291970803, -19.51417004048583
-8.868613138686133, -19.51417004048583
-9.58029197080292, -20.242914979757085
-8.430656934306569, -18.582995951417004
-8.156934306569344, -17.732793522267208
-7.718978102189781, -18.016194331983804
-7.39051094890511, -17.530364372469634
-7.062043795620438, -17.246963562753038
-6.678832116788321, -16.68016194331984
-6.405109489051095, -15.951417004048583
-6.021897810218978, -15.82995951417004
-5.638686131386861, -15.34412955465587
-5.31021897810219, -14.736842105263158
-4.981751824817518, -14.412955465587045
-4.598540145985401, -13.805668016194332
-4.324817518248175, -13.279352226720647
-3.8868613138686134, -12.753036437246964
10.127737226277373, -22.51012145748988
10.456204379562044, -22.55060728744939
10.83941605839416, -22.55060728744939
8.375912408759124, -19.473684210526315
7.992700729927008, -19.068825910931174
7.718978102189781, -18.62348178137652
6.952554744525548, -17.894736842105264
7.281021897810219, -18.25910931174089
6.678832116788321, -17.48987854251012
6.295620437956205, -17.125506072874494
6.021897810218978, -16.720647773279353
5.638686131386861, -16.11336032388664
5.200729927007299, -15.34412955465587
4.927007299270073, -15.020242914979757
4.489051094890511, -14.534412955465587
4.160583941605839, -13.886639676113361
3.832116788321168, -13.441295546558704
3.5036496350364965, -12.793522267206477
3.1204379562043796, -12.145748987854251
2.791970802919708, -11.578947368421053
2.408759124087591, -10.931174089068826
2.0802919708029197, -10.323886639676113
1.7518248175182483, -9.676113360323887
1.3138686131386863, -9.02834008097166
1.0401459854014599, -8.502024291497976
0.7116788321167884, -8.016194331983806
0.3284671532846716, -7.651821862348179
-0.10948905109489052, -7.611336032388664
-0.3832116788321168, -7.854251012145749
-0.7116788321167884, -8.218623481781377
-1.094890510948905, -8.623481781376517
-1.4233576642335768, -9.109311740890687
-1.7518248175182483, -9.595141700404858
-2.18978102189781, -10.161943319838057
-2.4635036496350367, -10.769230769230768
-2.8467153284671536, -11.255060728744938
-3.175182481751825, -11.781376518218623
-3.558394160583942, -12.267206477732794
